name: envs123
channels:
  - conda-forge
  - defaults
dependencies:
  - branca=0.6.0=pyhd8ed1ab_0
  - brotli=1.0.9=hcfcfb64_8
  - brotli-bin=1.0.9=hcfcfb64_8
  - bzip2=1.0.8=h8ffe710_4
  - ca-certificates=2023.5.7=h56e8100_0
  - certifi=2023.5.7=pyhd8ed1ab_0
  - charset-normalizer=3.1.0=pyhd8ed1ab_0
  - folium=0.14.0=pyhd8ed1ab_0
  - idna=3.4=pyhd8ed1ab_0
  - intel-openmp=2023.1.0=h57928b3_46319
  - jinja2=3.1.2=pyhd8ed1ab_1
  - libblas=3.9.0=17_win64_mkl
  - libbrotlicommon=1.0.9=hcfcfb64_8
  - libbrotlidec=1.0.9=hcfcfb64_8
  - libbrotlienc=1.0.9=hcfcfb64_8
  - libcblas=3.9.0=17_win64_mkl
  - libexpat=2.5.0=h63175ca_1
  - libffi=3.4.2=h8ffe710_5
  - libhwloc=2.9.1=cpu_hadd60ae_5
  - libiconv=1.17=h8ffe710_0
  - liblapack=3.9.0=17_win64_mkl
  - libsqlite=3.42.0=hcfcfb64_0
  - libxml2=2.11.4=hc3477c8_0
  - libzlib=1.2.13=hcfcfb64_4
  - markupsafe=2.1.3=py311ha68e1ae_0
  - mkl=2022.1.0=h6a75c08_874
  - numpy=1.24.3=py311h0b4df5a_0
  - openssl=3.1.1=hcfcfb64_1
  - pip=23.1.2=pyhd8ed1ab_0
  - pthreads-win32=2.9.1=hfa6e2cd_3
  - pysocks=1.7.1=pyh0701188_6
  - python=3.11.3=h2628c8c_0_cpython
  - python_abi=3.11=3_cp311
  - requests=2.31.0=pyhd8ed1ab_0
  - setuptools=67.7.2=pyhd8ed1ab_0
  - tbb=2021.9.0=h91493d7_0
  - tk=8.6.12=h8ffe710_0
  - tzdata=2023c=h71feb2d_0
  - ucrt=10.0.22621.0=h57928b3_0
  - urllib3=2.0.2=pyhd8ed1ab_0
  - vc=14.3=hb25d44b_16
  - vc14_runtime=14.34.31931=h5081d32_16
  - vs2015_runtime=14.34.31931=hed1258a_16
  - wheel=0.40.0=pyhd8ed1ab_0
  - win_inet_pton=1.1.0=pyhd8ed1ab_6
  - xz=5.2.6=h8d14728_0
prefix: C:\Users\kate7\anaconda3\envs\envs123
